FANN_FLO_2.1
num_layers=5
learning_rate=0.700000
connection_rate=1.000000
network_type=0
learning_momentum=0.000000
training_algorithm=2
train_error_function=1
train_stop_function=0
cascade_output_change_fraction=0.010000
quickprop_decay=-0.000100
quickprop_mu=1.750000
rprop_increase_factor=1.200000
rprop_decrease_factor=0.500000
rprop_delta_min=0.000000
rprop_delta_max=50.000000
rprop_delta_zero=0.100000
cascade_output_stagnation_epochs=12
cascade_candidate_change_fraction=0.010000
cascade_candidate_stagnation_epochs=12
cascade_max_out_epochs=150
cascade_min_out_epochs=50
cascade_max_cand_epochs=150
cascade_min_cand_epochs=50
cascade_num_candidate_groups=2
bit_fail_limit=3.49999999999999977796e-01
cascade_candidate_limit=1.00000000000000000000e+03
cascade_weight_multiplier=4.00000000000000022204e-01
cascade_activation_functions_count=10
cascade_activation_functions=3 5 7 8 10 11 14 15 16 17 
cascade_activation_steepnesses_count=4
cascade_activation_steepnesses=2.50000000000000000000e-01 5.00000000000000000000e-01 7.50000000000000000000e-01 1.00000000000000000000e+00 
layer_sizes=4 3 4 4 2 
scale_included=0
neurons (num_inputs, activation_function, activation_steepness)=(0, 0, 0.00000000000000000000e+00) (0, 0, 0.00000000000000000000e+00) (0, 0, 0.00000000000000000000e+00) (0, 0, 0.00000000000000000000e+00) (4, 4, 5.00000000000000000000e-01) (4, 4, 5.00000000000000000000e-01) (0, 0, 0.00000000000000000000e+00) (3, 4, 5.00000000000000000000e-01) (3, 4, 5.00000000000000000000e-01) (3, 4, 5.00000000000000000000e-01) (0, 0, 0.00000000000000000000e+00) (4, 4, 5.00000000000000000000e-01) (4, 4, 5.00000000000000000000e-01) (4, 4, 5.00000000000000000000e-01) (0, 0, 0.00000000000000000000e+00) (4, 4, 5.00000000000000000000e-01) (0, 0, 0.00000000000000000000e+00) 
connections (connected_to_neuron, weight)=(0, -1.50000000000000000000e+03) (1, -1.50000000000000000000e+03) (2, -1.50000000000000000000e+03) (3, 4.70114702482447377463e+00) (0, -1.50000000000000000000e+03) (1, -1.50000000000000000000e+03) (2, -1.50000000000000000000e+03) (3, -1.30345573910359835423e+01) (4, 1.50000000000000000000e+03) (5, 1.50000000000000000000e+03) (6, -2.45571628379317319357e+00) (4, 1.50000000000000000000e+03) (5, 1.50000000000000000000e+03) (6, -2.52702932379694411580e+00) (4, 1.50000000000000000000e+03) (5, 1.50000000000000000000e+03) (6, -1.41300162590726365863e+01) (7, 7.29462559857280701259e-01) (8, 9.09049626665886179033e-01) (9, 1.50000000000000000000e+03) (10, -2.02919348893614115426e+00) (7, 5.77170892679113700652e-01) (8, 9.29906128339185511500e-01) (9, 1.50000000000000000000e+03) (10, -1.88121931819172294453e+00) (7, 3.28422187871979243123e-02) (8, -2.94686117696303130631e-03) (9, 1.50000000000000000000e+03) (10, -1.12476256580761568848e+00) (11, -1.81253930553605147047e+00) (12, -1.75850335848524208515e+00) (13, -1.44241336105534778689e+00) (14, 1.70610586727258994877e+00) 
