FANN_FLO_2.1
num_layers=5
learning_rate=0.700000
connection_rate=1.000000
network_type=0
learning_momentum=0.000000
training_algorithm=2
train_error_function=1
train_stop_function=0
cascade_output_change_fraction=0.010000
quickprop_decay=-0.000100
quickprop_mu=1.750000
rprop_increase_factor=1.200000
rprop_decrease_factor=0.500000
rprop_delta_min=0.000000
rprop_delta_max=50.000000
rprop_delta_zero=0.100000
cascade_output_stagnation_epochs=12
cascade_candidate_change_fraction=0.010000
cascade_candidate_stagnation_epochs=12
cascade_max_out_epochs=150
cascade_min_out_epochs=50
cascade_max_cand_epochs=150
cascade_min_cand_epochs=50
cascade_num_candidate_groups=2
bit_fail_limit=3.49999999999999977796e-01
cascade_candidate_limit=1.00000000000000000000e+03
cascade_weight_multiplier=4.00000000000000022204e-01
cascade_activation_functions_count=10
cascade_activation_functions=3 5 7 8 10 11 14 15 16 17 
cascade_activation_steepnesses_count=4
cascade_activation_steepnesses=2.50000000000000000000e-01 5.00000000000000000000e-01 7.50000000000000000000e-01 1.00000000000000000000e+00 
layer_sizes=10 3 4 4 2 
scale_included=0
neurons (num_inputs, activation_function, activation_steepness)=(0, 0, 0.00000000000000000000e+00) (0, 0, 0.00000000000000000000e+00) (0, 0, 0.00000000000000000000e+00) (0, 0, 0.00000000000000000000e+00) (0, 0, 0.00000000000000000000e+00) (0, 0, 0.00000000000000000000e+00) (0, 0, 0.00000000000000000000e+00) (0, 0, 0.00000000000000000000e+00) (0, 0, 0.00000000000000000000e+00) (0, 0, 0.00000000000000000000e+00) (10, 4, 5.00000000000000000000e-01) (10, 4, 5.00000000000000000000e-01) (0, 0, 0.00000000000000000000e+00) (3, 4, 5.00000000000000000000e-01) (3, 4, 5.00000000000000000000e-01) (3, 4, 5.00000000000000000000e-01) (0, 0, 0.00000000000000000000e+00) (4, 4, 5.00000000000000000000e-01) (4, 4, 5.00000000000000000000e-01) (4, 4, 5.00000000000000000000e-01) (0, 0, 0.00000000000000000000e+00) (4, 4, 5.00000000000000000000e-01) (0, 0, 0.00000000000000000000e+00) 
connections (connected_to_neuron, weight)=(0, 1.50000000000000000000e+03) (1, 1.50000000000000000000e+03) (2, 1.50000000000000000000e+03) (3, 1.49722210129453401350e+03) (4, 1.49608897973003581683e+03) (5, 1.50000000000000000000e+03) (6, 1.49798023180745281024e+03) (7, 1.49503815028112876462e+03) (8, 1.49651625631481488199e+03) (9, -1.50000000000000000000e+03) (0, 1.50000000000000000000e+03) (1, 1.50000000000000000000e+03) (2, 1.50000000000000000000e+03) (3, 1.49722211390790744190e+03) (4, 1.49608897635520884251e+03) (5, 1.50000000000000000000e+03) (6, 1.49798036362598713822e+03) (7, 1.49503814004227865553e+03) (8, 1.49651645554833885399e+03) (9, -1.50000000000000000000e+03) (10, -1.50000000000000000000e+03) (11, -1.50000000000000000000e+03) (12, 2.47752095422557561122e+00) (10, -1.50000000000000000000e+03) (11, -1.50000000000000000000e+03) (12, 1.79016902323543680708e+00) (10, -1.50000000000000000000e+03) (11, -1.50000000000000000000e+03) (12, 1.77999764102444180125e+00) (13, 1.50000000000000000000e+03) (14, 1.50000000000000000000e+03) (15, 1.50000000000000000000e+03) (16, -4.00359086928542273753e-01) (13, 1.50000000000000000000e+03) (14, 1.50000000000000000000e+03) (15, 1.50000000000000000000e+03) (16, -7.67017870561446213351e-01) (13, 1.50000000000000000000e+03) (14, 1.50000000000000000000e+03) (15, 1.50000000000000000000e+03) (16, -4.28720824656661392282e-01) (17, -3.89309298853509899718e-01) (18, -8.74350120093481031347e+00) (19, -3.24160577574582997595e-01) (20, 3.35091308652338559781e+00) 
